-46.872
-100
-100
-100
-100
-100
-100
-100
-100
-100
-100
-100
-100
-100
-100
-100
-100
-100
-100
-100
-100
-100
-100
-53.7818
-28.7929
-42.1527
-29.3457
-30.8631
-31.5333
-27.8768
-24.8643
-23.5297
-22.9372
-19.6346
-20.5606
-19.7825
-23.5613
-29.7201
-21.2266
-13.6226
-14.3792
-15.9522
-17.8366
-19.3581
-19.4635
-19.783
-20.1207
-20.0872
-20.3686
-22.148
-26.305
-29.6979
-29.357
-26.8354
-21.369
-19.5405
-22.0713
-28.4926
-28.7704
-28.3305
-22.658
-21.6273
-21.7061
-21.2983
-20.6686
-20.3542
-20.1302
-19.5668
-19.6059
-19.6175
-19.5066
-20.8735
-28.3711
-33.4087
-31.2961
-26.2322
-21.3946
-19.7371
-20.1571
-21.498
-23.7625
-27.2885
-30.937
-33.6843
-32.2813
-25.4391
-21.0669
-19.2916
-19.3124
-20.0793
-20.378
-20.7108
-20.6369
-21.3338
-22.4994
-23.5507
-24.5189
-26.4277
-28.7829
-30.8748
-32.5413
-34.6019
-40.0651
-50.1109
-56.721
-37.1052
-39.834
-60.9876
-90.4968
-53.33
-36.0589
-31.9789
-29.3222
-24.9844
-24.4322
-25.8713
-27.2629
-28.4579
-29.9504
-32.0079
-35.9339
-41.2198
-42.1747
-46.432
-51.5204
-55.0851
-48.0779
-53.8126
-43.474
-48.3309
-50.9814
-111.616
-100
-100
-100
-43.4446
-42.8247
-31.8083
-28.7271
-25.4983
-25.4797
-26.4918
-27.6205
-26.8497
-26.4128
-26.6563
-26.5356
-26.7502
-27.5446
-28.0238
-28.2432
-28.6995
-28.5467
-28.0813
-28.0639
-31.2065
-38.4335
-33.8199
-32.1825
-40.2113
-90.0895
-105.533
-45.2357
-32.4062
-30.7988
-30.8008
-30.8055
-27.7739
-27.0096
-26.0635
-25.6465
-25.0078
-25.4011
-27.3585
-30.6995
-38.2561
-51.5578
-49.2125
-43.3049
-37.6033
-46.2317
-100
-100
-100
-40.311
-32.2089
-37.6471
-39.7011
-32.8474
-43.865
-61.0693
-100
-100
-100
-100
-38.5085
-28.1575
-29.3045
-32.845
-34.884
-41.7125
-28.3351
-26.2019
-25.993
-26.082
-27.2423
-28.3442
-28.8418
-29.5675
-30.3297
-30.7644
-31.7658
-33.3877
-34.1527
-35.1589
-37.0272
-38.4904
-42.1624
-47.0427
-47.8435
-43.2709
-40.3472
-38.8218
-35.8257
-38.5765
-36.9138
-39.5493
-37.4399
-39.5935
-38.5229
-44.3451
-61.7955
-82.0104
-100
-100
-100
-100
-84.6891
-82.0634
-100
-100
-100
-100
-100
-100
-100
-100
-100
-100
-100
-100
-100
-100
-100
-100
-100
-100
-100
-100
-100
-100
-100
-100
-100
-100