0.99798
0
0
0
0
0
0
0
0
0
0
0
0
0
0
0
0
0
0
0
0
0
0
0.992519
0.956063
0.938294
0.913134
0.932693
0.553859
0.38115
0.200054
0.0142348
-0.0134892
-0.0387541
-0.0462996
-0.0588603
0.0281096
0.557305
0.939679
0.964644
0.961378
0.956344
0.954741
0.964884
0.965212
0.966243
0.970233
0.971031
0.972569
0.978976
0.985957
0.993154
0.990072
0.984141
0.981102
0.977623
0.969537
0.994567
0.994587
0.982279
0.969747
0.967612
0.974603
0.970672
0.964981
0.961393
0.9621
0.962924
0.965262
0.96366
0.967586
0.979748
0.980367
0.979197
0.983657
0.982038
0.984086
0.987282
0.98832
0.990283
0.991365
0.993342
0.994034
0.993611
0.991765
0.99095
0.985496
0.978097
0.978243
0.971194
0.969311
0.973709
0.974691
0.977266
0.981841
0.984081
0.987245
0.987025
0.990424
0.991853
0.994455
0.99337
0.987365
0.957697
0.614573
0.670913
0.641371
0.497249
0
0.970042
0.986367
0.99186
0.990292
0.98314
0.971485
0.978588
0.966886
0.967549
0.97225
0.968633
0.97018
0.847952
0.634506
0.602879
0.729772
0.863744
0.860958
0.909524
0.930238
0.948299
0.966728
0
0
0
0
0.865727
0.888611
0.94735
0.964846
0.970293
0.981475
0.984993
0.983772
0.978491
0.980559
0.981882
0.979475
0.979501
0.979796
0.983572
0.985423
0.989341
0.990753
0.989325
0.990954
0.960642
0.731599
0.477054
0.545482
0.610738
0.43496
0
0.97741
0.986824
0.993428
0.993332
0.994676
0.986012
0.977112
0.976851
0.976752
0.984471
0.98981
0.990615
0.992166
0.985414
0.641988
0.439347
0.527946
0.518729
0.563036
0
0
0
0.7506
0.557259
0.433303
0.773737
0.914991
0.989197
0.993435
0
0
0
0
0.620459
0.601273
0.456733
0.771032
0.855789
0.848092
0.946345
0.961229
0.967881
0.967427
0.975498
0.972325
0.974486
0.971305
0.970535
0.97509
0.97766
0.96718
0.967506
0.971897
0.952914
0.952986
0.949037
0.910673
0.374923
0.196229
0.181706
0.131599
0.200941
0.184458
0.153326
0.161279
0.19836
0.212531
0.251409
0.495338
0.111239
0
0
0
0
0
0
0
0
0
0
0
0
0
0
0
0
0
0
0
0
0
0
0
0
0
0
0
0
0
0
0
0
0