0.000000 
0.000000 
-0.001066 
-0.003314 
-0.004736 
-0.004539 
-0.003859 
-0.000528 
0.001920 
0.007275 
0.010684 
0.010085 
0.006011 
0.001020 
0.000000 
-0.000421 
-0.000682 
-0.000615 
0.000000 
0.000000 
0.000000 
-0.005606 
-0.012169 
-0.015524 
-0.014029 
-0.008851 
0.000000 
0.010079 
0.021972 
0.031492 
0.023532 
0.014031 
0.001311 
0.000000 
0.000000 
-0.001875 
0.000000 
0.000000 
0.000000 
-0.000470 
-0.013463 
-0.022279 
-0.024329 
-0.018063 
-0.001053 
0.000000 
0.013337 
0.028890 
0.036071 
0.028870 
0.015898 
0.003274 
0.000000 
0.000000 
-0.000731 
-0.000374 
0.000000 
-0.000864 
-0.009641 
-0.015755 
-0.015023 
-0.009763 
-0.002809 
0.000000 
0.000000 
0.015453 
0.022816 
0.023551 
0.014921 
0.001048 
0.000000 
0.000000 
0.000000 
0.000000 
0.000000 
0.000000 
-0.004498 
-0.005592 
-0.001372 
0.000000 
0.000000 
0.000000 
0.000000 
0.002360 
0.005525 
0.003529 
0.003021 
0.000152 
0.000000 
0.000000 
0.000000 
0.000000 
0.000000 
0.000000 
0.000000 
-0.000249 
0.000000 
0.000000 
0.000000 
0.000000 
0.000000 
0.000000 
0.000000 
0.000000 
0.000000 
0.000000 
0.000000 
0.000000 
0.000000 
0.000000 
0.000000 
0.000000 
0.000000 
0.000000 
0.000000 
0.000000 
0.000000 
0.000000 
0.000000 
0.000000 
