0.000000 
0.000000 
-0.000669 
-0.002901 
-0.004301 
-0.004075 
-0.003360 
0.000000 
0.001333 
0.006635 
0.009986 
0.009323 
0.005180 
0.000114 
0.000000 
0.000000 
0.000000 
0.000000 
0.000000 
0.000000 
0.000000 
-0.003943 
-0.010396 
-0.013637 
-0.012028 
-0.006732 
0.000000 
0.007721 
0.019493 
0.028892 
0.020809 
0.011187 
0.000000 
0.000000 
0.000000 
0.000000 
0.000000 
0.000000 
0.000000 
0.000000 
-0.009582 
-0.018296 
-0.020246 
-0.013885 
0.000000 
0.000000 
0.008899 
0.024375 
0.031483 
0.024216 
0.011182 
0.000000 
0.000000 
0.000000 
0.000000 
0.000000 
0.000000 
0.000000 
-0.004648 
-0.010756 
-0.010024 
-0.004770 
0.000000 
0.000000 
0.000000 
0.010550 
0.017951 
0.018730 
0.010150 
0.000000 
0.000000 
0.000000 
0.000000 
0.000000 
0.000000 
0.000000 
-0.000320 
-0.001509 
0.000000 
0.000000 
0.000000 
0.000000 
0.000000 
0.000000 
0.002202 
0.000324 
0.000000 
0.000000 
0.000000 
0.000000 
0.000000 
0.000000 
0.000000 
0.000000 
0.000000 
0.000000 
0.000000 
0.000000 
0.000000 
0.000000 
0.000000 
0.000000 
0.000000 
0.000000 
0.000000 
0.000000 
0.000000 
0.000000 
0.000000 
0.000000 
0.000000 
0.000000 
0.000000 
0.000000 
0.000000 
0.000000 
0.000000 
0.000000 
0.000000 
0.000000 
