0.000088 
0.000084 
0.000080 
0.000077 
0.000074 
0.000074 
0.000070 
0.000065 
0.000059 
0.000052 
0.000047 
0.000043 
0.000037 
0.000030 
0.000023 
0.000017 
0.000012 
0.000007 
0.000003 
-0.000003 
-0.000009 
-0.000014 
-0.000018 
-0.000021 
-0.000024 
-0.000028 
-0.000031 
-0.000033 
-0.000035 
-0.000036 
-0.000037 
-0.000039 
-0.000041 
-0.000041 
-0.000040 
-0.000039 
-0.000038 
-0.000038 
-0.000038 
-0.000037 
-0.000035 
-0.000033 
-0.000033 
-0.000032 
-0.000032 
-0.000031 
-0.000029 
-0.000028 
-0.000029 
-0.000030 
-0.000030 
-0.000030 
-0.000030 
-0.000030 
-0.000031 
-0.000032 
-0.000033 
-0.000033 
-0.000033 
-0.000033 
-0.000033 
-0.000033 
-0.000033 
-0.000031 
-0.000029 
-0.000027 
-0.000026 
-0.000025 
-0.000023 
-0.000020 
-0.000016 
-0.000012 
-0.000009 
-0.000006 
-0.000002 
0.000003 
0.000009 
0.000013 
0.000017 
0.000022 
0.000026 
0.000032 
0.000038 
0.000042 
0.000047 
0.000050 
0.000054 
0.000058 
0.000061 
0.000064 
0.000065 
0.000067 
0.000067 
0.000068 
0.000068 
0.000066 
0.000064 
0.000061 
0.000058 
0.000055 
0.000051 
0.000048 
0.000042 
0.000038 
0.000033 
0.000028 
0.000024 
0.000019 
0.000013 
0.000008 
0.000004 
0.000001 
-0.000003 
-0.000007 
-0.000012 
-0.000016 
-0.000019 
-0.000021 
-0.000023 
-0.000025 
-0.000028 
-0.000030 
-0.000031 
-0.000031 
-0.000032 
-0.000032 
-0.000033 
-0.000033 
-0.000032 
-0.000031 
-0.000029 
-0.000028 
-0.000028 
-0.000027 
-0.000026 
-0.000024 
-0.000023 
-0.000022 
-0.000022 
-0.000021 
-0.000020 
-0.000020 
-0.000019 
-0.000019 
-0.000020 
-0.000019 
-0.000019 
-0.000019 
-0.000019 
-0.000020 
-0.000020 
-0.000019 
-0.000019 
-0.000019 
-0.000019 
-0.000018 
-0.000017 
-0.000016 
-0.000014 
-0.000014 
-0.000013 
-0.000011 
-0.000010 
-0.000007 
-0.000005 
-0.000003 
-0.000001 
0.000001 
0.000004 
0.000007 
0.000010 
0.000012 
0.000015 
0.000017 
0.000019 
0.000022 
0.000025 
0.000027 
0.000029 
0.000031 
0.000033 
0.000034 
0.000036 
0.000037 
0.000037 
0.000037 
0.000037 
0.000037 
0.000036 
0.000035 
0.000033 
0.000032 
0.000030 
0.000028 
0.000026 
0.000023 
0.000020 
0.000018 
0.000015 
0.000012 
0.000010 
0.000007 
0.000004 
0.000002 
-0.000001 
-0.000003 
-0.000005 
-0.000007 
-0.000009 
-0.000011 
-0.000012 
-0.000013 
-0.000014 
-0.000015 
-0.000016 
-0.000016 
-0.000017 
-0.000017 
-0.000017 
-0.000017 
-0.000017 
-0.000016 
-0.000016 
-0.000015 
-0.000015 
-0.000014 
-0.000014 
-0.000013 
-0.000013 
-0.000012 
-0.000012 
-0.000011 
-0.000011 
-0.000010 
-0.000010 
-0.000010 
-0.000009 
-0.000009 
-0.000009 
-0.000009 
-0.000009 
-0.000008 
-0.000008 
-0.000008 
-0.000008 
-0.000008 
-0.000007 
-0.000007 
-0.000007 
-0.000006 
-0.000005 
-0.000005 
-0.000004 
-0.000004 
-0.000003 
-0.000002 
-0.000001 
-0.000000 
0.000000 
0.000001 
0.000002 
0.000003 
0.000004 
0.000005 
0.000006 
0.000007 
0.000007 
0.000008 
0.000009 
0.000010 
0.000011 
0.000011 
0.000012 
0.000013 
0.000013 
0.000013 
0.000014 
0.000013 
0.000013 
0.000013 
0.000013 
0.000013 
0.000012 
0.000012 
0.000011 
0.000010 
0.000009 
0.000008 
0.000007 
0.000007 
0.000005 
0.000004 
0.000003 
0.000003 
0.000002 
0.000001 
-0.000000 
-0.000001 
-0.000002 
-0.000002 
0.000000 
0.000000 
0.000000 
0.000000 
0.000000 
0.000000 
0.000000 
0.000000 
553.333984 
0.000000 
553.333984 
0.000000 
0.000000 
0.000000 
0.000000 
0.000000 
0.000000 
0.000000 
0.000000 
0.000000 
0.000000 
0.000000 
0.000000 
0.000000 
0.000000 
0.000000 
0.000000 
0.000000 
0.000000 
0.000000 
0.000000 
0.000000 
0.000000 
0.000000 
0.000000 
0.000000 
0.000000 
0.000000 
0.000000 
0.000000 
0.000000 
0.000000 
0.000000 
0.000000 
0.000000 
0.000000 
0.000000 
0.000000 
0.000000 
0.000000 
0.000000 
0.000000 
0.000000 
0.000000 
0.000000 
0.000000 
0.000000 
0.000000 
0.000000 
0.000000 
0.000000 
0.000000 
0.000000 
0.000000 
0.000000 
0.000000 
0.000000 
0.000000 
0.000000 
0.000000 
0.000000 
0.000000 
0.000000 
0.000000 
0.000000 
0.000000 
0.000000 
0.000000 
0.000000 
0.000000 
0.000000 
0.000000 
0.000000 
0.000000 
0.000000 
0.000000 
0.000000 
0.000000 
0.000000 
0.000000 
0.000000 
0.000000 
0.000000 
0.000000 
0.000000 
0.000000 
0.000000 
0.000000 
0.000000 
0.000000 
0.000000 
0.000000 
0.000000 
0.000000 
0.000000 
0.000000 
0.000000 
0.000000 
0.000000 
0.000000 
0.000000 
0.000000 
0.000000 
0.000000 
0.000000 
0.000000 
0.000000 
0.000000 
0.000000 
0.000000 
0.000000 
0.000000 
0.000000 
0.000000 
0.000000 
0.000000 
0.000000 
0.000000 
0.000000 
0.000000 
0.000000 
0.000000 
0.000000 
0.000000 
0.000000 
0.000000 
0.000000 
0.000000 
0.000000 
0.000000 
0.000000 
0.000000 
0.000000 
0.000000 
0.000000 
0.000000 
0.000000 
0.000000 
0.000000 
0.000000 
0.000000 
0.000000 
0.000000 
0.000000 
0.000000 
0.000000 
0.000000 
0.000000 
0.000000 
0.000000 
0.000000 
0.000000 
0.000000 
0.000000 
0.000000 
0.000000 
0.000000 
0.000000 
0.000000 
0.000000 
0.000000 
0.000000 
0.000000 
0.000000 
0.000000 
0.000000 
0.000000 
0.000000 
0.000000 
0.000000 
0.000000 
0.000000 
0.000000 
0.000000 
0.000000 
0.000000 
0.000000 
0.000000 
0.000000 
0.000000 
0.000000 
0.000000 
0.000000 
0.000000 
0.000000 
0.000000 
0.000000 
0.000000 
0.000000 
0.000000 
0.000000 
0.000000 
0.000000 
0.000000 
0.000000 
0.000000 
0.000000 
0.000000 
0.000000 
0.000000 
0.000000 
0.000000 
0.000000 
0.000000 
0.000000 
0.000000 
0.000000 
0.000000 
0.000000 
0.000000 
0.000000 
0.000000 
0.000000 
0.000000 
0.000000 
0.000000 
0.000000 
0.000000 
0.000000 
0.000000 
0.000000 
0.000000 
0.000000 
0.000000 
0.000000 
0.000000 
0.000000 
0.000000 
0.000000 
0.000000 
317.304443 
0.000000 
0.000000 
0.000000 
317.280273 
0.000000 
553.395020 
0.000000 
0.000000 
0.000000 
4742402598412745580279234560.000000 
73802961505382720213048360960.000000 
0.000000 
0.000000 
0.000000 
0.000000 
553.397461 
0.000000 
0.000000 
0.000000 
0.000000 
0.000000 
0.000000 
0.000000 
553.399414 
0.000000 
0.000000 
0.000000 
513.705872 
0.000000 
0.000000 
0.000000 
553.401367 
0.000000 
0.000000 
0.000000 
4742402598412745580279234560.000000 
73802961505382720213048360960.000000 
-170709456012744344233625457802415702016.000000 
-nan 
0.000000 
0.000000 
0.000000 
0.000000 
553.414062 
0.000000 
547.000977 
0.000000 
317.280273 
0.000000 
553.405762 
0.000000 
0.000000 
0.000000 
1142079320097059744780386304.000000 
263363346188906528768.000000 
18960427459238320358080903118848.000000 
0.000000 
0.000000 
0.000000 
