0.859937
0
0
0
0
0
0
0
0
0
0
0
0
0
0
0
0
0
0
0
0
0
0
0.00279048
0.25599
0.374687
0.171717
0.384716
0.156986
0.259126
0.261466
0.181415
0.196764
0.287291
0.258398
0.320175
0.250049
0.1606
0.425945
0.65378
0.796048
0.799869
0.767895
0.78729
0.7828
0.75699
0.769236
0.767902
0.767854
0.747077
0.708353
0.753763
0.757411
0.727516
0.697534
0.728621
0.611343
0.73137
0.746888
0.677112
0.653679
0.725397
0.716389
0.715026
0.701894
0.68668
0.691376
0.687718
0.696299
0.711257
0.724187
0.690624
0.578915
0.671249
0.688996
0.669217
0.738839
0.764184
0.74641
0.735646
0.702713
0.69221
0.670744
0.680308
0.684768
0.62213
0.65303
0.627206
0.657239
0.66709
0.658928
0.66246
0.64575
0.605323
0.6293
0.626818
0.610273
0.591225
0.589684
0.581607
0.566323
0.539463
0.471043
0.278914
0.0640617
0.231953
0.257544
0.214683
0.0217601
0.0103453
0.254212
0.549209
0.5092
0.482557
0.48727
0.51928
0.50461
0.492693
0.501189
0.517928
0.480945
0.350621
0.203222
0.148822
0.108984
0.104125
0.31007
0.175718
0.202679
0.0933277
0.0905425
0
0
0
0
0.106537
0.211551
0.387033
0.316936
0.473214
0.544167
0.534601
0.569714
0.540637
0.533352
0.56555
0.546199
0.542666
0.545504
0.546602
0.535994
0.557922
0.570904
0.535345
0.526866
0.406166
0.229477
0.337963
0.273113
0.399542
0.206204
0
0.0197447
0.399172
0.551677
0.535573
0.568228
0.48883
0.533375
0.546133
0.576163
0.617825
0.650056
0.667051
0.657839
0.564153
0.166892
0.214715
0.215994
0.278147
0.259565
0
0
0
0.0955081
0.148523
0.153315
0.117855
0.338715
0.411305
0.0156853
0
0
0
0
0.110703
0.282691
0.228499
0.191746
0.18226
0.219774
0.33233
0.560687
0.553413
0.513968
0.470324
0.487239
0.439136
0.46155
0.436149
0.43829
0.477172
0.436095
0.456619
0.468075
0.412184
0.404365
0.467564
0.282784
0.283332
0.144319
0.145174
0.212884
0.212137
0.241901
0.273786
0.187037
0.258057
0.236719
0.139041
0.191053
0.158978
0.185174
0
0
0
0
0
0
0
0
0
0
0
0
0
0
0
0
0
0
0
0
0
0
0
0
0
0
0
0
0
0
0
0